3
7
12
16
21
25
28
31
36
41
46
58
61
65
68
71
74
79
84
88
91
94
97
100
105
108
111
114
117
120
123
127
139
143
146
149
152
155
158
161
166
169
173
178
181
184
187
191
195
198
210
215
219
222
227
231
236
240
243
248
253
258
271
275
280
285
290
295
300
305
309
317
322
327
332
335
338
341
345
350
354
357
362
367
378
383
388
392
395
398
401
406
410
413
417
420
425
429
512
515
518
521
524
536
539
542
545
550
554
557
562
566
570
573
576
579
582
585
588
592
595
598
607
611
614
617
620
623
626
629
632
635
639
643
646
649
652
655
658
662
665
668
671
674
677
680
683
686
695
698
702
705
708
712
715
718
721
724
727
730
733
738
743
748
752
755
760
765
770
775
779
782
786
789
792
795
799
804
815
819
823
827
832
835
838
842
847
850
853
858
872
877
882
887
890
893
896
899
902
907
912
915
920
934
939
942
945
950
955
959
962
965
968
971
974
977
980
984
988
991
994
1002
1006
1011
1015
1019
1023
1027
1032
1035
1038
1043
1046
1056
1061
1066
1069
1072
1075
1079
1082
1085
1089
1093
1096
1099
1102
1105
1108
1117
1122
1125
1128
1131
1136
1140
1143
1146
1149
1152
1155
1159
1162
1165
1168
1171
1174
1186
1191
1194
1197
1200
1203
1207
1210
1213
1216
1219
1222
1225
1228
1231
1236
1239
1243
1248
1257
1262
1267
1271
1274
1279
1284
1287
1290
1293
1296
1299
1302
1306
1310
1319
1324
1328
1333
1337
1341
1346
1350
1355
1359
1368
1372
1377
1382
1386
1390
1395
1400
1405
1409
1412
1424
1427
1430
1433
1436
1441
1445
1450
1455
1460
1464
1468
1482
1486
1489
1492
1495
1500
1504
1507
1510
1515
1520
1523
1526
1529
1532
1535
1538
1541
1544
1551
1554
1558
1562
1567
1572
1577
1580
1583
1588
1593
1597
1600
1609
1613
1616
1620
1624
1627
1631
1635
1639
1643
1648
1652
1655
1658
1666
1671
1676
1681
1684
1687
1691
1694
1699
1703
1707
1718
1721
1724
1727
1732
1735
1738
1741
1745
1748
1753
1758
1763
1766
1769
1772
1777
1780
1783
1791
1795
1798
1802
1805
1808
1811
1815
1819
1823
1827
1830
1833
1836
1839
1842
1851
1856
1860
1863
1866
1869
1872
1876
1879
1882
1885
1890
1894
1908
1913
1918
1923
1926
1930
1935
1940
1943
1947
1952
1955
1958
1968
1973
1978
1982
1986
1990
1993
1997
2000
2003
2006
2009
2012
2015
2018
2022
2029
2034
2039
2042
2045
2049
2054
2057
2060
2063
2066
2069
2072
2077
2082
2090
2094
2098
2102
2105
2108
2111
2114
2118
2122
2126
2131
2136
2140
2150
2153
2157
2160
2164
2167
2170
2175
2179
2183
2186
2189
2192
2196
2200
2203
2207
2217
2221
2225
2228
2233
2237
2242
2246
2250
2254
2258
2261
2265
2275
2279
2282
2285
2288
2291
2294
2297
2300
2303
2306
2311
2316
2321
2326
2331
2341
2344
2347
2350
2353
2357
2360
2363
2366
2369
2372
2375
2378
2382
2387
2390
2393
2396
2401
2405
2412
2417
2420
2423
2427
2432
2437
2442
2446
2449
2454
2457
2460
2463
2473
2478
2483
2486
2489
2492
2495
2498
2502
2507
2512
2517
2521
2524
2536
2540
2543
2548
2553
2556
2561
2566
2570
2573
2577
2581
2584
2593
2597
2600
2604
2609
2613
2616
2619
2623
2627
2630
2634
2637
2640
2643
2647
2658
2663
2668
2673
2676
2680
2684
2687
2691
2694
2697
2700
2703
2706
2711
2720
2724
2727
2730
2735
2740
2743
2746
2749
2754
2757
2760
2763
2768
2771
2774
2782
2786
2789
2794
2798
2802
2805
2808
2812
2817
2821
2824
2827
2830
2833
2836
2845
2849
2852
2855
2858
2861
2864
2867
2870
2873
2877
2880
2884
2888
2891
2895
2898
2902
2911
2915
2918
2923
2928
2933
2936
2939
2943
2948
2953
2956
2959
2963
2975
2980
2984
2987
2992
2995
2998
3001
3006
3010
3015
3020
3025
3039
3044
3049
3054
3059
3064
3069
3072
3076
3081
3084
3087
3090
3093
3096
3108
3113
3116
3119
3122
3125
3128
3131
3134
3137
3142
3145
3148
3151
3155
3158
3162
3165
3169
3172
3176
3188
3191
3194
3197
3201
3204
3209
3212
3215
3218
3221
3224
3227
3230
3233
3237
3240
3245
3249
3252
3255
3258
3270
3275
3279
3284
3288
3292
3295
3298
3302
3306
3309
3313
3316
3330
3335
3340
3344
3347
3352
3355
3358
3363
3367
3370
3373
3377
3382
3385
3398
3401
3404
3407
3412
3415
3418
3421
3424
3428
3433
3438
3443
3446
3449
3453
3456
3470
3475
3480
3485
3489
3492
3495
3498
3503
3508
3513
3518
3532
3537
3542
3547
3552
3557
3562
3567
3572
3576
3579
3592
3595
3598
3601
3604
3607
3610
3613
3616
3619
3622
3625
3628
3631
3634
3637
3641
3644
3649
3652
3655
3658
3661
3664
3676
3679
3682
3685
3688
3691
3694
3697
3700
3704
3709
3714
3719
3722
3726
3730
3733
3745
3750
3754
3758
3761
3766
3770
3773
3776
3780
3784
3787
3790
3794
3797
3811
3816
3820
3825
3828
3832
3835
3839
3842
3846
3849
3852
3855
3858
3863
3877
3881
3884
3887
3890
3893
3896
3899
3903
3906
3909
3912
3915
3918
3921
3925
3928
3933
3938
3947
3951
3954
3957
3960
3964
3967
3970
3995
3998
4001
4004
4007
4010
4013
4016
4019
4022
4026
4029
4033
4036
4050
4054
4059
4063
4068
4073
4076
4080
4089
4097
4102
4107
4111
4114
4119
4124
4129
4134
4141
4155
4160
4165
4170
4174
4177
4181
4193
4197
4200
4204
4207
4234
4237
4255
4258
4261
4270
4273
4281
4284
4287
4290
4298
4301
4304
4307
4316
4320
4323
4326
4329
4332
4335
4338
4341
4344
4347
4350
4354
4357
4367
4370
4373
4376
4379
4387
4392
4396
4408
4412
4415
4418
4421
4431
4436
4441
4446
4460
4470
4474
4477
4480
4488
4492
4497
4502
4506
4509
4512
4515
4518
4521
4525
4528
4531
4564
4568
4573
4578
4583
4588
4593
4598
4612
4615
4619
4622
4643
4646
4649
4652
4658
4661
4664
4667
4676
4681
4685
4688
4692
4701
4706
4711
4716
4732
4737
4742
4745
4748
4751
4754
4763
4766
4769
4774
4777
4780
4788
4799
4804
4809
4813
4821
4824
4827
4830
4833
4836
4840
4843
4846
4853
4856
4859
4862
4865
4868
4871
4874
4877
4882
4885
4888
4893
4897
4902
4907
4911
4924
4927
4931
4936
4939
4942
4945
4950
4955
4960
4964
4974
4984
4987
4990
4993
4997
5000
5004
5007
5011
5014
5017
5026
5029
5032
5035
5038
5042
5061
5064
5079
5082
5085
5090
5093
5096
5099
5102
5107
5110
5113
5116
5124
5150
5155
5158
5162
5167
5186
5189
5200
5210
5214
5218
5227
5230
5233
5242
5246
5249
5252
5256
5264
5267
5270
5273
5278
5281
5288
5292
5305
5309
5319
5323
5327
5343
5348
5351
5360
5363
5366
5379
5384
5394
5397
5400
5403
5415
5419
5427
5430
5433
5437
5440
5444
5447
5451
5454
5457
5460
5463
5467
5470
5475
5480
5491
5496
5501
5506
5511
5516
5521
5525
5528
5532
5536
5548
5552
5555
5558
5561
5574
5579
5582
5585
5590
5594
5597
5602
5611
5615
5625
5629
5632
5651
5656
5660
5663
5676
5680
5684
5701
5705
5708
5713
5717
5720
5724
5728
5736
5739
5742
5754
5758
5762
5767
5777
5781
5786
5796
5800
5804
5807
5816
5821
5824
5827
5830
5843
5855
5866
5882
5885
5893
5897
5900
5903
5918
5922
5925
5930
5933
5936
5939
5942
5945
5948
5952
5955
5959
5962
5967
5972
5977
5986
5996
6000
6004
6008
6011
6014
6017
6020
6023
6026
6030
6049
6068
6073
6078
6081
6084
6087
6090
6093
6096
6099
6102
6111
8780
8783
9964
9967
10087
10170
10183
10186
10189
10192
10195
10198
10203
10208
10212
10224
10227
10230
10233
10238
10241
10244
10247
10252
10255
10258
10261
10264
10269
10287
10292
10355
10420
10487
10557
10678
10748
10808
10869
11004
11060
11725
15069
15689
15693
20456
21765
21979
21982
22006
22669
22672
22675
22709
22712
22867
22871
22879
22882
22885
22945
22948
22981
22984
23002
23005
24059
28940
28950
28955
28959
28962
28967
28972
29799
29802
29805
35918
35922
37673
37676
37679
39949
39954
39959
39963
39968
39986
39990
39994
39998
40002
40006
40011
40016
40019
40022
40027
40031
40034
40039
40042
40045
40048
40053
40056
40059
40062
40066
40070
40075
40080
40084
40087
40091
40095
40098
40101
40104
40107
40110
40113
40116
40119
40122
40125
40128
40131
40135
40138
40141
40144
40147
40150
40153
40156
40160
40163
40167
40170
40174
40178
40181
40185
40189
40192
40197
40201
40206
40211
40216
40220
40223
40228
40233
40238
40243
40248
40252
40257
40261
40265
40269
40273
40276
40279
40284
40288
40291
40295
40300
40305
40310
40314
40317
40322
40325
40328
40332
40335
40340
40344
40348
40351
40354
40357
40360
40365
40368
40372
40375
40378
40381
40384
40399
40403
40406
40409
40413
40417
40420
40423
40428
40433
40436
40439
40444
40447
40450
40454
40459
40462
40465
40468
40471
40475
40479
40482
40486
40491
40496
40499
40502
40506
40509
40514
40517
40520
40523
40526
40529
40532
40535
40538
40542
40547
40551
40554
40558
40562
40566
40569
40574
40577
40580
40585
40588
40591
40596
40600
40605
40610
40614
40619
40622
40626
40631
40636
40641
40646
40650
40655
40660
40665
40668
40671
40674
40677
40680
40683
40688
40692
40697
40700
40703
40706
40710
40713
40718
40721
40725
40730
40735
40740
40744
40747
40750
40753
40756
40760
40763
40766
40770
40773
40776
40779
40784
40789
40793
40796
40800
40803
40806
40809
40812
40815
40818
40822
40825
40829
40833
40837
40841
40844
40849
40853
40856
40859
40863
40867
40870
40873
40876
40879
40882
40885
40888
40891
40895
40898
40902
40905
40909
40912
40915
40918
40921
40925
40930
40933
40936
40939
40944
40947
40950
40955
40958
40961
40964
40969
40972
40975
40980
40983
40986
40990
40993
40998
41002
41005
41008
41011
41014
41017
41020
41023
41026
41030
41034
41037
41042
41045
41050
41054
41059
41062
41065
41069
41072
41075
41078
41082
41086
41089
41093
41097
41100
41104
41107
41112
41115
41118
41121
41124
41127
41130
41133
41136
41139
41143
41146
41151
41154
41157
41162
41165
41168
41171
41174
41177
41180
41183
41186
41189
41192
41195
41198
41201
41204
41207
41212
41216
41221
41226
41231
41234
41237
41240
41243
41247
41250
41253
41258
41262
41265
41270
41275
41278
41281
41284
41289
41293
41296
41301
41306
41311
41315
41318
41321
41324
41328
41331
41334
41337
41340
41344
41349
41354
41359
41362
41365
41368
41371
41374
41377
41380
41383
41386
41391
41396
41399
41403
41408
41413
41417
41420
41425
41430
41435
41440
41444
41448
41451
41455
41458
41462
41467
41472
41476
41479
41484
41487
41490
41495
41500
41505
41508
41511
41514
41517
41521
41525
41530
41533
41537
41540
41543
41546
41551
41556
41561
41565
41568
41573
41576
41579
41584
41589
41593
41596
41600
41603
41606
41611
41615
41618
41621
41624
41628
41633
41638
41642
41645
41648
41651
41656
41660
41664
41667
41670
41673
41676
41680
41685
41689
41692
41695
41698
41701
41704
41707
41710
41713
41718
41721
41725
41730
41734
41737
41741
41744
41748
41751
41754
41757
41762
41767
41770
41773
41777
41781
41786
41790
41793
41797
41800
41803
41807
41811
41816
41821
41870
41873
41965
41969
42168
42171
42174
42301
42385
42388
42398
42401
42404
42464
42467
42528
42531
42541
42544
42783
42818
42843
42898
42901
43014
43482
43485
43488
43515
43518
44732
44736
44740
44743
44751
44756
44761
44765
44779
44784
44787
44790
44793
44797
44802
44806
44816
44825
44830
44840
44845
44864
44874
44878
44883
44886
44889
44892
44896
44901
44911
44916
44921
44925
44928
44933
44947
44952
44957
44960
44963
44966
44970
44973
44976
44980
44983
44986
44989
44994
44997
45000
45003
45012
45017
45021
45025
45030
45034
45038
45043
45046
45050
45053
45062
45066
45069
45072
45076
45081
45084
45087
45091
45095
45098
45101
45104
45107
45110
45113
45123
45128
45131
45134
45137
45142
45150
45155
45160
45165
45168
45172
45176
45179
45182
45185
45188
45192
45196
45200
45208
45212
45215
45219
45223
45226
45229
45233
45237
45241
45244
45252
45257
45262
45266
45269
45273
45297
45300
45303
45306
45309
45312
45315
45323
45327
45331
45336
45339
45342
45346
45351
45360
45363
45367
45371
45374
45377
45380
45384
45388
45391
45394
45397
45400
45409
45413
45416
45420
45425
45429
45434
45443
45448
45453
45458
45463
45468
45471
45474
45477
45482
45485
45488
45491
45502
45507
45512
45517
45522
45525
45528
45531
45534
45538
45543
45547
45550
45553
45564
45567
45571
45591
45595
45598
45601
45604
45607
45610
45613
45616
45619
45622
45646
45650
45655
45658
45662
45665
45668
45711
45716
45721
45724
45727
45730
45740
45744
45747
45752
45756
45761
45764
45767
45770
45775
45780
45783
45787
45790
45793
45801
45806
45809
45812
45815
45820
45825
45830
45835
45840
45850
45855
45860
45865
45870
45875
45878
45881
45884
45945
45957
45960
45963
45968
45972
45975
45978
45981
45985
45990
45995
45999
46007
46041
46044
46047
46061
46064
46068
46072
46075
46080
46085
46090
46094
46138
46143
46148
46151
46154
46157
46161
46164
46168
46171
46176
46181
46184
46192
46196
46201
46205
46208
46213
46218
46222
46225
46228
46238
46243
46247
46250
46253
46256
46259
46262
46265
46268
46271
46274
46277
46280
46283
46288
46291
46294
46297
46300
46303
46313
46318
46321
46324
46327
46331
46335
46339
46342
46346
46349
46353
46356
46360
46363
46367
46378
46382
46385
46390
46395
46399
46402
46406
46409
46413
46418
46421
46433
46437
46440
46444
46447
46450
46453
46456
46461
46466
46470
46474
46479
46483
46493
46497
46593
46596
46600
46605
46610
46615
46629
46634
46637
46641
46644
46648
46652
46655
46660
46663
46667
46670
46673
46676
46680
46683
46694
46699
46703
46706
46710
46714
46717
46720
46723
46726
46729
46732
46735
46740
46744
46747
46750
46753
46757
46765
46768
46771
46776
46781
46785
46788
46793
46797
46802
46805
46808
46815
46819
46822
46827
46830
46833
46836
46840
46843
46846
46849
46854
46857
46860
46864
46867
46870
46934
46945
46949
46953
46957
46962
46966
46970
46973
46976
46980
46985
46990
46993
47003
47008
47011
47014
47019
47023
47027
47030
47033
47036
47039
47050
47054
47057
47060
47063
47066
47070
47075
47080
47085
47089
47092
47095
47100
47104
47112
47117
47121
47124
47127
47130
47133
47137
47140
47143
47146
47149
47152
47157
47161
47164
47173
47176
47180
47184
47187
47192
47197
47200
47204
47209
47213
47216
47219
47222
47225
47234
47238
47243
47248
47253
47258
47263
47268
47271
47274
47279
47289
47294
47298
47301
47304
47307
47310
47313
47316
47319
47324
47329
47341
47346
47350
47353
47356
47359
47362
47365
47368
47372
47377
47381
47384
47388
47391
47394
47397
47400
47411
47416
47419
47422
47427
47430
47434
47438
47441
47446
47449
47453
47457
47460
47467
47471
47575
47578
47581
47584
47589
47594
47599
47602
47605
47608
47613
47617
47620
47623
47626
47629
47632
47635
47639
47642
47647
47656
47661
47665
47669
47672
47676
47681
47685
47690
47695
47705
47708
47711
47714
47719
47723
47726
47731
47736
47740
47743
47746
47749
47756
47759
47762
47765
47768
47771
47774
47777
47781
47785
47788
47793
47798
47803
47808
47812
47820
47823
47826
47829
47834
47837
47840
47843
47846
47849
47854
47859
47864
47868
47871
47875
47884
47888
47891
47895
47898
47903
47908
47911
47915
47919
47922
47925
47928
47932
47935
47938
47941
47944
47947
47954
47959
47964
47967
47970
47975
47978
47981
47984
47988
47998
48003
48008
48013
48016
48019
48022
48026
48035
48039
48043
48047
48051
48055
48058
48062
48065
48069
48072
48076
48080
48083
48086
48095
48100
48103
48106
48111
48114
48117
48120
48124
48188
48193
48198
48201
48204
48207
48212
48216
48228
48233
48238
48242
48245
48250
48255
48260
48263
48267
48272
48277
48286
48291
48295
48299
48302
48305
48308
48313
48318
48323
48327
48330
48335
48338
48341
48349
48353
48357
48360
48364
48367
48370
48373
48376
48381
48386
48391
48396
48401
48405
48415
48420
48424
48429
48432
48435
48438
48442
48446
48450
48455
48460
48463
48466
48471
48475
48478
48482
48485
48489
48492
48496
48499
48502
48507
48512
48516
48519
48523
48528
48533
48537
48540
48543
48547
48552
48557
48561
48564
48567
48570
48573
48576
48584
48589
48593
48596
48599
48602
48605
48610
48613
48623
48626
48631
48635
48638
48642
48645
48650
48654
48657
48661
48664
48668
48677
48681
48684
48687
48691
48694
48697
48700
48703
48706
48767
48772
48775
48779
48782
48785
48788
48792
48804
48808
48811
48814
48819
48824
48829
48832
48835
48838
48848
48853
48857
48892
48897
48902
48905
48908
48916
48921
48926
48929
48932
48935
48938
48941
48944
48947
48951
48954
48957
48961
48964
48967
48971
48975
48978
48982
48990
48995
49000
49005
49010
49015
49020
49024
49062
49071
49076
49081
49084
49087
49090
49093
49098
49101
49105
49108
49111
49114
49119
49124
49127
49137
49142
49147
49150
49154
49158
49161
49166
49169
49173
49177
49180
49183
49197
49228
49231
49234
49237
49241
49246
49249
49252
49255
49265
49269
49273
49276
49281
49286
49290
49293
49297
49312
49350
49354
49362
49366
49369
49373
49376
49379
49383
49388
49391
49394
49397
49400
49404
49407
49410
49413
49416
49419
49422
49425
49428
49431
49435
49445
49449
49452
49455
49458
49461
49466
49471
49476
49480
49483
49486
49489
49492
49497
49502
49516
49519
49522
49526
49530
49541
49545
49549
49552
49555
49558
49561
49564
49567
49572
49581
49585
49588
49591
49596
49600
49604
49609
49614
49617
49648
49653
49658
49663
49668
49671
49674
49677
49689
49694
49699
49703
49706
49709
49712
49717
49721
49725
49729
49734
49771
49776
49781
49784
49787
49790
49793
49802
49807
49812
49816
49821
49824
49828
49833
49836
49840
49845
49848
49851
49860
49863
49866
49869
49872
49875
49878
49896
49900
49903
49908
49913
49918
49923
49928
49932
49935
49938
49941
49945
49955
49960
49963
49966
49970
49973
49977
49982
49987
49992
49996
49999
50003
50006
50009
50012
50020
50025
50030
50033
50036
50039
50044
50047
50050
50053
50056
50085
50088
50091
50096
50101
50106
50111
50114
50118
50123
50132
50137
50141
50146
50149
50153
50158
50163
50168
50171
50174
50177
50180
50183
50186
50196
50218
50223
50226
50229
50236
50239
50242
50245
50248
50251
50254
50259
50264
50268
50271
50275
50280
50288
50292
50297
50301
50304
50329
50333
50341
50345
50349
50352
50355
50358
50363
50366
50369
50373
50393
50397
50400
50404
50407
50412
50417
50422
50427
50432
50436
50443
50447
50452
50456
50459
50463
50468
50473
50478
50481
50484
50493
50498
50540
50544
50547
50551
50556
50561
50573
50578
50582
50587
50592
50596
50600
50604
50607
50610
50613
50616
50619
50636
50640
50643
50646
50649
50652
50656
50666
50671
50674
50677
50680
50684
50687
50690
50694
50697
50700
50703
50707
50710
50713
50716
50719
50724
50727
50730
50733
50737
50742
50775
50778
50781
50784
50789
50792
50795
50798
50801
50805
50808
50812
50815
50818
50821
50826
50829
50838
50841
50867
50872
50877
50880
50884
50889
50892
50895
50898
50901
50904
50908
50911
50916
50925
50929
50934
50939
50942
50960
50963
50966
50969
50972
50976
50981
50986
51000
51004
51007
51011
51016
51021
51024
51027
51030
51035
51039
51042
51045
51055
51058
51062
51066
51069
51074
51098
51102
51107
51110
51113
51116
51119
51122
51134
51137
51141
51144
51147
51150
51155
51160
51165
51168
51172
51176
51179
51190
51195
51200
51205
51210
51215
51219
51223
51226
51231
51236
51246
51251
51269
51273
51276
51281
51285
51288
51292
51295
51300
51303
51306
51309
51312
51321
51324
51328
51332
51337
51342
51347
51351
51355
51358
51361
51364
51367
51372
51381
51384
51387
51392
51402
51407
51412
51417
51422
51425
51428
51431
51435
51438
51443
51448
51453
51457
51465
51468
51471
51474
51479
51482
51485
51488
51493
51498
51502
51505
51510
51513
51516
51519
51522
51525
51529
51537
51542
51546
51550
51553
51558
51562
51565
51570
51575
51580
51585
51594
51597
51601
51604
51607
51610
51614
51617
51620
51623
51627
51632
51654
51659
51663
51666
51670
51677
51682
51685
51688
51693
51696
51699
51702
51707
51710
51713
51716
51720
51723
51727
51730
51733
51736
51739
51749
51754
51757
51760
51763
51766
51769
51772
51775
51778
51781
51784
51787
51792
51797
51800
51803
51806
51814
51819
51828
51831
51834
51844
51849
51854
51859
51864
51867
51870
51873
51876
51879
51882
51887
51891
51894
51898
51901
51910
51915
51918
51921
51924
51938
51942
51945
51948
51951
51960
51964
51967
51972
51975
51979
51983
51986
51991
51994
51997
52000
52005
52009
52012
52015
52027
52032
52037
52041
52044
52047
52050
52062
52066
52069
52072
52080
52083
52086
52089
52094
52097
52101
52105
52108
52113
52117
52121
52140
52143
52146
52151
52156
52161
52170
52175
52180
52185
52190
52195
52200
52205
52210
52213
52217
52234
52239
52242
52245
52253
52257
52260
52264
52267
52270
52273
52278
52283
52287
52290
52294
52297
52302
52305
52313
52318
52323
52327
52330
52334
52339
52343
52346
52350
52353
52356
52359
52362
52365
52368
52410
52420
52423
52426
52429
52432
52435
52438
52441
52444
52448
52451
52454
52457
52460
52465
52470
52479
52484
52489
52492
52495
52498
52503
52535
52538
52541
52544
52547
52550
52553
52556
52559
52562
52567
52571
52576
52581
52599
52602
52605
52608
52613
52616
52619
52622
52625
52628
52633
52637
52640
52645
52648
52658
52662
52665
52669
52672
52675
52678
52681
52684
52687
52708
52711
52715
52719
52722
52727
52731
52734
52737
52740
52743
52746
52749
52759
52763
52768
52773
52776
52780
52783
52787
52790
52794
52798
52801
52804
52807
52810
52814
52838
52841
52844
52847
52850
52853
52856
52859
52862
52865
52869
52872
52875
52878
52881
52884
52887
52890
52895
52904
52926
52931
52934
52937
52942
52945
52948
52956
52961
52966
52971
52974
52977
52980
52984
52987
52990
52994
53008
53018
53023
53028
53033
53036
53039
53042
53047
53051
53054
53058
53062
53070
53074
53079
53123
53126
53129
53132
53137
53142
53147
53152
53162
53166
53169
53174
53178
53183
53188
53192
53195
53199
53202
53207
53216
53220
53223
53248
53253
53257
53267
53272
53275
53278
53281
53286
53291
53296
53301
53306
53310
53313
53325
53330
53358
53363
53367
53370
53373
53376
53379
53382
53391
53396
53399
53402
53406
53409
53414
53419
53423
53426
53431
53454
53459
53463
53468
53473
53476
53479
53482
53487
53492
53497
53506
53509
53512
53515
53518
53522
53526
53529
53534
53538
53543
53548
53551
53554
53557
53569
53573
53576
53581
53585
53588
53591
53594
53608
53613
53617
53620
53625
53628
53631
53636
53640
53643
53647
53650
53655
53675
53680
53683
53686
53691
53695
53698
53703
53706
53709
53712
53722
53725
53728
53731
53735
53738
53743
53748
53751
53754
53757
53762
53766
53769
53774
53778
53781
53784
53787
53795
53798
53801
53804
53809
53812
53815
53818
53821
53824
53827
53832
53858
53863
53868
53873
53878
53883
53888
53892
53895
53900
53905
53909
53912
53915
53919
53922
53926
53930
53938
53943
53947
53950
53955
53966
53970
53975
53980
53985
53989
53994
53998
54003
54007
54010
54015
54020
54031
54036
54040
54043
54046
54049
54057
54062
54066
54069
54074
54079
54083
54086
54091
54096
54099
54103
54107
54110
54122
54125
54128
54131
54136
54139
54144
54149
54154
54157
54160
54163
54166
54171
54175
54180
54185
54188
54191
54210
54215
54218
54221
54224
54227
54230
54235
54240
54245
54250
54254
54259
54269
54272
54275
54278
54283
54287
54292
54295
54298
54301
54306
54311
54316
54321
54325
54338
54341
54344
54348
54351
54356
54360
54365
54370
54375
54378
54381
54384
54387
54390
54393
54421
54426
54431
54434
54437
54442
54445
54460
54465
54470
54475
54479
54498
54503
54508
54511
54514
54519
54522
54525
54528
54531
54534
54539
54542
54545
54548
54551
54554
54557
54567
54571
54574
54577
54580
54589
54592
54595
54598
54603
54608
54613
54617
54620
54624
54627
54632
54636
54639
54652
54662
54667
54670
54673
54676
54680
54683
54688
54691
54695
54699
54702
54707
54712
54715
54718
54727
54731
54734
54747
54751
54754
54757
54760
54765
54768
54771
54776
54786
54789
54793
54798
54803
54807
54810
54815
54820
54823
54826
54829
54850
54853
54856
54859
54868
54873
54878
54883
54888
54893
54898
54903
54913
54917
54920
54925
54930
54933
54936
54939
54942
54946
54951
54956
54961
54966
54970
54973
54976
54979
54983
54986
54991
54996
55001
55004
55007
55010
55015
55018
55022
55026
55029
55032
55035
55038
55047
55051
55059
55064
55067
55072
55080
55083
55086
55089
55092
55096
55099
55102
55115
55120
55124
55127
55132
55137
55142
55145
55148
55153
55163
55168
55173
55178
55181
55184
55187
55219
55224
55234
55239
55244
55249
55254
55259
55264
55268
55291
55294
55297
55302
55307
55311
55314
55317
55321
55325
55333
55338
55343
55348
55353
55358
55361
55365
55369
55372
55375
55378
55381
55384
55387
55390
55399
55404
55409
55412
55415
55418
55423
55428
55433
55436
55450
55453
55456
55459
55462
55465
55468
55471
55474
55477
55480
55483
55486
55489
55492
55495
55498
55501
55505
55508
55511
55514
55517
55522
55527
55530
55533
55536
55541
55544
55547
55550
55555
55566
55569
55572
55575
55580
55585
55589
55592
55596
55599
55603
55608
55613
55618
55629
55632
55635
55644
55649
55653
55656
55660
55667
55672
55677
55681
55686
55689
55692
55695
55699
55702
55705
55708
55711
55715
55741
55745
55748
55753
55756
55760
55765
55768
55779
55782
55785
55788
55791
55794
55797
55801
55804
55809
55814
55831
55836
55840
55845
55850
55860
55864
55869
55874
55879
55883
55886
55891
55896
55901
55904
55907
55910
55914
55923
55927
55930
55933
55937
55940
55943
55946
55950
55953
55962
55966
55978
55983
55988
55991
55994
56007
56012
56017
56020
56023
56028
56031
56034
56037
56052
56056
56059
56062
56066
56070
56073
56078
56088
56091
56094
56097
56100
56103
56106
56109
56112
56115
56118
56121
56124
56127
56132
56136
56139
56142
56145
56150
56159
56162
56165
56168
56173
56176
56179
56182
56186
56189
56192
56195
56201
56206
56211
56216
56221
56226
56231
56236
56239
56243
56248
56251
56254
56262
56267
56272
56277
56280
56283
56287
56290
56295
56299
56314
56319
56322
56325
56328
56333
56337
56340
56343
56346
56349
56352
56355
56360
56364
56368
56371
56379
56384
56387
56390
56395
56398
56401
56404
56407
56411
56416
56421
56425
56428
56433
56443
56448
56451
56455
56460
56465
56470
56474
56477
56494
56499
56502
56505
56508
56511
56514
56517
56521
56525
56528
56533
56538
56543
56548
56552
56557
56562
56565
56568
56571
56574
56577
56586
56589
56592
56595
56598
56601
56604
56609
56613
56618
56621
56624
56627
56632
56637
56640
56643
56659
56664
56667
56671
56681
56684
56687
56690
56693
56696
56699
56704
56709
56714
56718
56721
56724
56728
56733
56736
56745
56749
56752
56755
56758
56761
56766
56771
56774
56777
56780
56783
56787
56804
56807
56819
56822
56826
56831
56835
56838
56841
56844
56849
56854
56858
56861
56865
56869
56872
56882
56887
56892
56895
56898
56901
56911
56916
56920
56923
56927
56932
56937
56941
56944
56948
56953
56958
56978
56981
56984
56987
56992
56995
56998
57001
57004
57008
57012
57015
57018
57021
57026
57030
57033
57042
57046
57049
57054
57058
57062
57065
57082
57086
57089
57094
57097
57100
57103
57107
57110
57113
57116
57129
57132
57135
57138
57141
57144
57147
57156
57161
57166
57171
57175
57178
57183
57188
57193
57196
57199
57203
57206
57209
57216
57219
57223
57257
57260
57263
57266
57270
57273
57276
57280
57283
57287
57290
57295
57300
57305
57309
57317
57321
57324
57327
57330
57335
57340
57345
57349
57352
57357
57362
57365
57368
57371
57381
57386
57391
57396
57399
57402
57405
57408
57411
57416
57421
57426
57429
57432
57435
57443
57448
57451
57454
57458
57461
57466
57469
57472
57475
57479
57482
57485
57488
57491
57496
57500
57508
57513
57527
57531
57534
57537
57540
57545
57548
57551
57554
57559
57563
57566
57571
57576
57579
57582
57585
57589
57596
57600
57603
57608
57613
57618
57621
57624
57627
57631
57634
57687
57691
57695
57698
57701
57715
57718
57721
57732
57737
57742
57747
57750
57755
57758
57762
57767
57777
57780
57783
57786
57789
57792
57795
57798
57801
57806
57809
57812
57815
57818
57979
58013
58016
58019
58100
58103
58116
58119
58122
58125
58129
58133
58148
58151
58188
58191
58245
58248
58432
58436
58707
58981
58995
59162
59344
59512
59523
59534
59537
59890
59895
59899
59902
59905
60112
60356
60588
60591
60594
60597
60660
60663
60666
60669
60674
60678
60681
60684
60687
60690
60694
60702
60705
60708
60711
60714
60717
60722
60725
60728
60733
60737
60740
60761
60764
60767
60770
60775
60779
60782
60787
60798
60803
60807
60810
60815
60820
60825
60828
60832
60836
60839
60843
60846
60850
60853
60856
60868
60873
60878
60883
60904
60909
60912
60915
60920
60925
60928
60931
60941
60944
60947
60950
60955
60960
60963
60966
60969
60973
60976
60980
60983
60986
60990
60993
60996
60999
61003
61006
61009
61018
61022
61025
61030
61033
61037
61042
61047
61052
61055
61058
61062
61065
61068
61082
61085
61088
61091
61095
61099
61102
61106
61111
61116
61119
61122
61125
61130
61133
61136
61143
61146
61149
61152
61157
61162
61165
61168
61171
61176
61179
61183
61186
61190
61193
61204
61209
61214
61219
61223
61226
61229
61232
61237
61242
61247
61251
61261
61266
61271
61276
61279
61282
61285
61290
61293
61296
61299
61302
61305
61308
61311
61314
61318
61321
61324
61331
61334
61337
61340
61343
61362
61365
61368
61372
61406
61409
61412
61459
61463
61468
61471
61474
61479
61484
61487
61490
61517
61522
61527
61530
61533
61536
61540
61543
61546
61556
61559
61562
61565
61594
61598
61601
61605
61613
61616
61620
61625
61630
61635
61640
61643
61646
61649
61653
61656
61659
61662
61665
61668
61671
61674
61681
61684
61688
61691
61694
61697
61700
61703
61706
61709
61712
61715
61718
61721
61725
61728
61732
61736
61739
61747
61752
61776
61781
61785
61788
61793
61804
61809
61814
61818
61823
61865
61869
61878
61883
61888
61893
61898
61903
61908
61913
61917
61927
61932
61937
61940
61943
61946
61950
61955
61960
61963
61966
61969
61973
61976
61986
61991
61994
61997
62001
62006
62011
62014
62019
62023
62026
62029
62032
62035
62047
62050
62053
62056
62059
62063
62066
62069
62072
62075
62078
62083
62088
62093
62098
62103
62106
62109
62113
62116
62120
62124
62129
62134
62139
62142
62147
62152
62156
62163
62168
62173
62178
62183
62187
62190
62193
62198
62203
62206
62209
62212
62216
62226
62231
62236
62239
62242
62247
62250
62253
62256
62261
62265
62268
62272
62277
62280
62287
62290
62293
62296
62299
62302
62307
62310
62314
62318
62323
62328
62332
62336
62348
62353
62356
62359
62363
62368
62371
62374
62377
62380
62385
62389
62394
62405
62408
62411
62414
62418
62423
62501
62504
62507
62510
62515
62518
62521
62524
62529
62533
62536
62540
62544
62548
62558
62561
62564
62567
62572
62577
62582
62587
62590
62593
62598
62601
62604
62607
62610
62613
62616
62626
62631
62634
62637
62641
62645
62649
62652
62657
62661
62664
62667
62678
62681
62684
62689
62692
62697
62700
62703
62707
62710
62713
62717
62720
62723
62726
62730
62744
62748
62751
62755
62758
62762
62767
62772
62777
62781
62786
62790
62802
62806
62810
62813
62818
62823
62828
62832
62837
62840
62843
62846
62849
62859
62864
62869
62874
62879
62883
62886
62889
62894
62898
62901
62905
62908
62919
62922
62926
62931
62936
62939
62942
62945
62949
62954
62959
62963
62967
62980
62984
62988
62992
62996
62999
63002
63005
63008
63011
63014
63018
63022
63036
63040
63043
63047
63050
63055
63058
63061
63065
63068
63071
63074
63079
63083
63094
63098
63101
63105
63109
63112
63117
63121
63126
63130
63133
63138
63141
63154
63157
63160
63163
63167
63170
63173
63176
63179
63182
63185
63190
63195
63198
63201
63204
63209
63214
63217
63220
63232
63237
63242
63247
63251
63255
63260
63265
63268
63271
63274
63279
63282
63289
63293
63297
63301
63306
63310
63314
63318
63321
63324
63327
63337
63342
63345
63348
63352
63357
63361
63364
63369
63372
63375
63378
63381
63384
63387
63397
63401
63406
63409
63412
63415
63419
63422
63425
63428
63431
63435
63440
63444
63454
63458
63461
63464
63469
63474
63479
63484
63489
63494
63498
63501
63512
63515
63519
63522
63525
63528
63531
63534
63537
63540
63543
63548
63553
63556
63559
63563
63567
63570
63573
63583
63588
63593
63597
63600
63603
63606
63609
63612
63616
63621
63626
63630
63633
63643
63648
63653
63658
63663
63668
63673
63678
63682
63685
63690
63693
63704
63709
63712
63716
63721
63726
63729
63732
63735
63738
63741
63744
63747
63750
63753
63765
63769
63774
63777
63780
63783
63786
63789
63792
63795
63798
63801
63805
63808
63811
63814
63817
63820
63823
63826
63835
63838
63841
63844
63847
63850
63853
63858
63861
63864
63867
63870
63873
63878
63882
63885
63889
63894
63898
63906
63909
63912
63917
63920
63923
63926
63931
63935
63938
63941
63944
63947
63950
63954
63958
63961
63965
63977
63980
63983
63986
63989
63992
63995
63998
64001
64004
64007
64010
64014
64019
64023
64028
64040
64043
64046
64049
64052
64055
64059
64062
64065
64068
64071
64074
64077
64080
64084
64087
64090
64095
64099
64102
64106
64114
64117
64120
64125
64129
64132
64136
64139
64142
64146
64150
64155
64159
64162
64165
64177
64180
64183
64187
64190
64194
64197
64201
64204
64207
64210
64214
64219
64223
64237
64242
64245
64248
64251
64254
64259
64263
64266
64269
64273
64276
64279
64283
64288
64298
64301
64304
64307
64310
64313
64318
64321
64325
64328
64332
64335
64338
64342
64345
64348
64351
64356
64365
64370
64374
64377
64381
64386
64389
64392
64396
64399
64403
64406
64409
64412
64415
64418
64421
64429
64432
64435
64438
64442
64447
64452
64455
64458
64463
64466
64469
64474
64479
64488
64492
64495
64500
64505
64510
64515
64520
64525
64529
64532
64535
64539
64547
64551
64554
64559
64563
64566
64569
64572
64575
64579
64582
64585
64588
64591
64594
64597
64600
64603
64607
64610
64622
64626
64631
64635
64638
64641
64644
64649
64653
64658
64663
64668
64671
64683
64687
64690
64695
64698
64703
64708
64711
64714
64717
64722
64727
64730
65020
65023
65026
65034
65038
65043
65047
65050
65054
65057
65060
65064
65069
65074
65079
65082
65085
65088
65092
65101
65106
65110
65114
65117
65122
65127
65132
65137
65142
65153
65158
65161
65164
65167
65172
65176
65179
65184
65189
65194
65197
65200
65204
65207
65210
65218
65223
65226
65229
65234
65239
65243
65246
65249
65253
65257
65260
65264
65267
65275
65280
65285
65288
65292
65296
65300
65303
65306
65309
65313
65316
65320
65323
65331
65336
65339
65342
65345
65348
65351
65354
65357
65360
65363
65368
65373
65378
65381
65384
65387
65390
65398
65403
65407
65410
65413
65416
65421
65426
65429
65433
65437
65440
65445
65459
65463
65466
65471
65475
65479
65482
65486
65489
65493
65498
65503
65506
65509
65517
65520
65523
65526
65531
65534
65537
65540
65543
65546
65549
65554
65559
65564
65568
65572
65584
65589
65594
65599
65604
65607
65610
65613
65616
65620
65624
65628
65631
65634
65637
65640
65644
65647
65650
65653
65656
65660
65663
65666
65671
65674
65677
65680
65685
65690
65694
65704
65707
65710
65713
65716
65719
65722
65726
65729
65734
65738
65743
65748
65752
65761
65766
65770
65773
65776
65779
65783
65786
65790
65795
65800
65803
65807
65810
65813
65822
65825
65828
65832
65835
65840
65844
65849
65854
65859
65864
65867
65870
65873
65885
65888
65891
65894
65898
65901
65904
66154
66159
66162
66165
66168
66172
66176
66179
66188
66193
66198
66201
66204
66207
66210
66213
66218
66222
66227
66230
66234
66237
66240
66243
66252
66256
66259
66263
66268
66271
66275
66278
66282
66285
66288
66291
66300
66305
66308
66312
66315
66320
66324
66327
66330
66334
66337
66340
66343
66348
66351
66354
66357
66367
66371
66374
66377
66380
66384
66388
66391
66394
66397
66401
66404
66407
66410
66414
66424
66429
66432
66435
66438
66441
66445
66448
66451
66454
66459
66463
66466
66471
66476
66480
66490
66494
66497
66502
66505
66508
66513
66517
66520
66523
66526
66530
66533
66536
66539
66542
66545
66548
66556
66559
66562
66565
66569
66572
66575
66580
66585
66588
66591
66596
66606
66611
66614
66617
66620
66623
66626
66629
66633
66638
66643
66646
66650
66653
66656
66661
66664
66671
66676
66680
66684
66687
66692
66695
66698
66701
66706
66710
66715
66718
66725
66729
66732
66737
66740
66743
66746
66749
66752
66755
66760
66765
66768
66771
66779
66782
66786
66791
66794
66797
66800
66804
66809
66813
66816
66819
66822
66825
66828
66831
66836
66839
66842
66854
66857
66860
66863
66866
66869
66874
66879
66882
66885
66888
66893
66896
66899
66902
66905
66910
66914
66924
66929
66934
66939
66943
66948
66951
66954
66957
66960
66963
66966
66971
66974
66983
66988
66992
66996
66999
67003
67006
67009
67012
67015
67020
67025
67034
67038
67041
67044
67047
67050
67053
67056
67059
67062
67065
67068
67071
67074
67077
67080
67083
67086
67089
67094
67098
67101
67104
67114
67119
67124
67129
67134
67139
67144
67147
67150
67153
67156
67159
67163
67166
67180
67183
67186
67190
67195
67200
67205
67208
67211
67214
67218
67221
67226
67231
67234
67237
67245
67249
67254
67257
67260
67263
67266
67269
67273
67277
67282
67286
67291
67300
67305
67310
67314
67317
67320
67324
67327
67331
67334
67338
67341
67344
67347
67357
67360
67363
67366
67370
67374
67378
67381
67384
67387
67392
67397
67400
67403
67406
67409
67412
67415
67425
67430
67435
67439
67442
67445
67448
67451
67456
67459
67462
67467
67470
67474
67488
67493
67498
67502
67505
67509
67512
67517
67520
67530
67534
67537
67540
67543
67548
67553
67558
67562
67566
67571
67574
67577
67580
67583
67593
67596
67600
67603
67606
67611
67616
67621
67626
67630
67635
67640
67649
67652
67655
67660
67663
67666
67671
67676
67679
67682
67685
67689
67693
67698
67706
67711
67716
67720
67724
67729
67734
67737
67740
67743
67746
67749
67753
67762
67767
67771
67774
67777
67780
67783
67788
67791
67795
67799
67803
67808
67811
67815
67819
67829
67834
67839
67844
67849
67853
67858
67862
67865
67868
67871
67874
67882
67886
67890
67895
67898
67901
67904
67908
67911
67914
67917
67921
67926
67931
67941
67946
67951
67954
67957
67960
67965
67969
68077
68080
68083
68086
68094
68099
68104
68108
68111
68115
68119
68122
68126
68131
68134
68137
68147
68152
68157
68160
68164
68168
68171
68174
68177
68180
68183
68186
68190
68193
68197
68201
68204
68213
68216
68219
68222
68227
68232
68235
68239
68242
68245
68248
68253
68256
68259
68262
68266
68269
68278
68283
68288
68292
68295
68298
68301
68305
68308
68313
68316
68319
68322
68325
68328
68331
68334
68345
68349
68352
68356
68359
68363
68366
68369
68372
68375
68378
68381
68384
68389
68394
68399
68402
68405
68414
68417
68420
68424
68428
68433
68437
68442
68446
68451
68456
68459
68462
68470
68474
68478
68482
68486
68489
68493
68497
68502
68507
68510
68513
68523
68528
68532
68535
68538
68541
68545
68548
68551
68554
68559
68563
68566
68569
68573
68576
68579
68582
68585
68588
68596
68600
68603
68606
68609
68612
68615
68619
68624
68629
68634
68637
68640
68643
68646
68650
68653
68656
68664
68669
68672
68675
68678
68683
68687
68690
68694
68697
68700
68703
68706
68709
68712
68715
68720
68724
68727
68730
68733
68745
68748
68751
68754
68757
68760
68763
68768
68771
68775
68780
68783
68786
68789
68794
68798
68801
68804
68816
68819
68823
68827
68831
68834
68838
68843
68846
68850
68854
68859
68863
68867
68877
68881
68884
68887
68890
68894
68897
68902
68907
68912
68916
68919
68922
68925
68930
68938
68943
68947
68951
68956
68961
68966
68971
68976
68980
68991
68996
69000
69003
69008
69013
69018
69023
69026
69029
69033
69037
69046
69051
69055
69060
69065
69068
69071
69074
69079
69084
69089
69092
69095
69105
69110
69115
69119
69122
69125
69130
69135
69139
69143
69146
69149
69159
69163
69166
69169
69172
69175
69179
69184
69189
69194
69199
69202
69206
69211
69221
69224
69227
69231
69236
69241
69244
69247
69252
69257
69260
69264
69269
69272
69275
69287
69292
69297
69300
69304
69307
69310
69313
69316
69319
69322
69327
69332
69337
69347
69350
69353
69358
69363
69368
69371
69374
69378
69381
69386
69391
69395
69405
69409
69412
69417
69422
69427
69430
69434
69439
69442
69446
69449
69452
69455
69458
69461
69473
69478
69483
69488
69493
69498
69503
69506
69511
69515
69527
69532
69536
69541
69545
69550
69555
69558
69562
69565
69568
69571
69575
69585
69589
69594
69599
69603
69606
69611
69616
69620
69623
69626
69631
69643
69648
69651
69655
69658
69661
69664
69668
69673
69678
69681
69684
69687
69691
69698
69701
69704
69707
69710
69713
69716
69719
69722
69725
69728
69733
69736
69739
69742
69745
69749
69752
69756
69759
69769
69772
69776
69779
69782
69786
69789
69794
69797
69800
69804
69809
69814
69817
69820
69823
69832
69837
69842
69846
69851
69855
69858
69861
69865
69868
69872
69875
69879
69882
69886
69889
69897
69902
69906
69910
69913
69917
69921
69926
69930
69934
69937
69940
69943
69953
69956
69959
69962
69966
69969
69972
69975
69980
69984
69987
69990
69993
69996
69999
70004
70009
70019
70022
70027
70030
70033
70036
70039
70042
70047
70052
70057
70061
70065
70068
70075
70079
70083
70086
70091
70095
70100
70104
70108
70111
70115
70120
70124
70132
70137
70140
70144
70149
70152
70155
70160
70163
70166
70169
70173
70176
70179
70183
70187
70199
70202
70205
70210
70215
70220
70223
70226
70231
70236
70239
70249
70252
70255
70259
70262
70266
70269
70272
70275
70280
70284
70289
70294
70307
70312
70317
70320
70323
70328
70333
70337
70342
70347
70352
70362
70367
70372
70376
70379
70383
70386
70391
70394
70399
70402
70405
70410
70420
70424
70429
70433
70437
70440
70443
70446
70451
70456
70460
70465
70476
70481
70485
70488
70492
70496
70500
70505
70510
70515
70524
70528
70531
70535
70539
70544
70549
70552
70555
70560
70563
70566
70570
70573
70584
70589
70594
70597
70600
70604
70609
70614
70619
70623
70626
70631
70634
70637
70644
70648
70651
70654
70659
70663
70668
70672
70676
70681
70684
70687
70697
70700
70704
70707
70710
70713
70716
70719
70722
70727
70731
70735
70738
70741
70744
70747
70750
70753
70756
70760
70770
70775
70778
70781
70784
70789
70792
70795
70799
70804
70807
70810
70815
70820
70823
70826
70836
70839
70843
70847
70850
70854
70859
70862
70865
70868
70871
70876
70881
70884
70887
70894
70898
70901
70904
70907
70912
70917
70921
70924
70927
70930
70934
70937
70941
70946
70949
70961
70965
70968
70973
70978
70983
70988
70992
70996
71001
71005
71009
71018
71021
71024
71027
71030
71033
71036
71039
71042
71045
71048
71144
71149
71158
71163
71168
71172
71175
71178
71181
71186
71189
71192
71195
71199
71204
71209
71213
71223
71227
71230
71235
71240
71244
71248
71251
71256
71259
71263
71267
71270
71275
71278
71287
71291
71294
71298
71301
71304
71308
71313
71316
71319
71322
71326
71331
71336
71339
71342
71349
71353
71356
71361
71364
71367
71370
71374
71378
71381
71384
71387
71391
71396
71401
71411
71416
71420
71425
71429
71432
71435
71438
71442
71445
71448
71451
71454
71459
71464
71478
71483
71488
71493
71496
71501
71506
71511
71516
71521
71530
71534
71537
71541
71546
71549
71553
71556
71560
71563
71567
71572
71577
71582
71596
71599
71602
71605
71608
71611
71614
71617
71621
71624
71627
71630
71633
71636
71639
71643
71647
71650
71653
71656
71659
71666
71669
71672
71676
71679
71684
71687
71690
71693
71696
71699
71702
71706
71710
71713
71716
71719
71723
71727
71734
71739
71744
71749
71754
71759
71764
71767
71770
71773
71782
71785
71788
71791
71796
71801
71804
71807
71810
71814
71819
71822
71825
71828
71831
71834
71837
71840
71843
71846
71858
71861
71864
71867
71871
71874
71879
71882
71886
71891
71894
71898
71902
71907
71910
71913
71916
71919
71931
71935
71939
71942
71945
71949
71954
71957
71960
71963
71967
71972
71977
71987
71992
71996
72001
72006
72009
72012
72015
72018
72021
72026
72030
72033
72038
72050
72054
72057
72061
72064
72067
72071
72075
72078
72083
72087
72090
72093
72096
72099
72103
72108
72111
72121
72126
72131
72136
72140
72143
72147
72151
72156
72161
72165
72174
72177
72180
72184
72188
72191
72194
72197
72200
72203
72208
72213
72217
72220
72223
72226
72229
72239
72243
72247
72251
72254
72257
72260
72265
72268
72271
72274
72277
72280
72283
72286
72289
72292
72295
72298
72309
72312
72315
72318
72322
72327
72330
72333
72337
72342
72345
72348
72351
72354
72357
72361
72371
72374
72377
72381
72384
72387
72390
72394
72397
72401
72404
72409
72414
72419
72424
72433
72437
72441
72445
72448
72451
72454
72459
72464
72469
72474
72479
72482
72494
72498
72503
72508
72513
72517
72520
72523
72526
72529
72532
72542
72547
72552
72557
72562
72566
72569
72572
72575
72579
72582
72587
72592
72595
72598
72606
72609
72612
72617
72621
72625
72628
72632
72637
72640
72643
72646
72656
72660
72665
72670
72674
72678
72682
72686
72690
72694
72704
72707
72710
72713
72718
72723
72727
72731
72735
72740
72744
72755
72759
72762
72765
72768
72771
72774
72777
72780
72783
72787
72790
72793
72798
72801
72805
72813
72818
72821
72824
72827
72830
72833
72836
72839
72842
72846
72851
72856
72859
72862
72865
72875
72878
72881
72886
72889
72893
72898
72901
72904
72907
72910
72913
72916
72921
72931
72934
72937
72942
72947
72952
72957
72962
72965
72969
72974
72979
72989
72993
72997
73000
73003
73006
73009
73014
73019
73022
73025
73028
73033
73038
73041
73044
73054
73057
73060
73063
73067
73070
73074
73077
73080
73084
73087
73091
73094
73097
73102
73105
73109
73112
73116
73119
73122
73129
73134
73137
73140
73145
73149
73154
73157
73162
73166
73171
73174
73177
73189
73194
73199
73202
73205
73209
73212
73216
73219
73223
73227
73230
73233
73236
73239
73243
73253
73256
73260
73265
73269
73272
73277
73282
73286
73291
73294
73297
73300
73304
73314
73319
73324
73329
73334
73339
73344
73347
73361
73366
73370
73374
73377
73382
73386
73389
73393
73398
73403
73407
73411
